lastAccountName: Seayoung277
timestamps:
  login: 1623479705428
  logout: 1623479764768
ipAddress: 127.0.0.1
logoutlocation:
  world: world
  x: 21.08295510685518
  y: 62.24982133172053
  z: -127.91098390098134
  yaw: -294.44955
  pitch: 6.5999174
