lastAccountName: opeach
timestamps:
  login: 1621643079141
  lastteleport: 1621643924599
  logout: 1621644683897
ipAddress: 155.69.183.12
lastlocation:
  world: world
  x: -448.5
  y: 63.0
  z: -926.5
  yaw: 137.39998
  pitch: 11.4000025
logoutlocation:
  world: world
  x: -506.99419177799916
  y: 64.5
  z: -942.4125164763022
  yaw: -88.50016
  pitch: 17.100002
